1.000000000 0.000000000 0.000000000 0.000000000 0.000000000 1.000000000 0.000000000 0.000000000 0.000000000 0.000000000 1.000000000 0.000000000
1.000000 -0.000590 0.000222 -0.013524 0.000590 0.999999 0.001504 -0.013296 -0.000223 -0.001504 0.999999 1.364165 
0.999999 -0.001550 -0.000091 -0.026143 0.001550 0.999998 0.001452 -0.033313 0.000089 -0.001452 0.999999 2.748423 
0.999995 -0.002980 -0.000599 -0.018199 0.002980 0.999995 0.000669 -0.060485 0.000597 -0.000670 1.000000 4.089208 
0.999995 -0.003101 -0.000495 -0.027168 0.003101 0.999995 0.000826 -0.084335 0.000493 -0.000827 1.000000 5.444536 
0.999993 -0.003661 -0.000525 -0.027894 0.003662 0.999992 0.001664 -0.106358 0.000519 -0.001666 0.999998 6.809305 
0.999987 -0.005113 -0.000205 -0.039127 0.005114 0.999983 0.002786 -0.127388 0.000191 -0.002787 0.999996 8.182617 
0.999989 -0.004711 -0.000614 -0.034460 0.004713 0.999984 0.003170 -0.144529 0.000599 -0.003173 0.999995 9.568085 
0.999992 -0.003818 -0.000957 -0.045730 0.003819 0.999992 0.001271 -0.164131 0.000952 -0.001275 0.999999 10.942277 
0.999999 -0.001202 -0.000884 -0.061030 0.001201 0.999999 -0.000820 -0.187749 0.000885 0.000819 0.999999 12.304850 
0.999997 0.002303 -0.000850 -0.067978 -0.002304 0.999996 -0.001810 -0.208717 0.000846 0.001812 0.999998 13.699093 
0.999988 0.004722 -0.000920 -0.076611 -0.004724 0.999987 -0.001855 -0.234432 0.000911 0.001859 0.999998 15.068924 
0.999983 0.005736 -0.000679 -0.090194 -0.005736 0.999983 -0.000969 -0.260119 0.000673 0.000973 0.999999 16.466515 
0.999994 0.003425 -0.000089 -0.097424 -0.003425 0.999993 0.001795 -0.281823 0.000095 -0.001794 0.999998 17.842386 
1.000000 -0.000918 0.000096 -0.096661 0.000918 0.999993 0.003655 -0.303508 -0.000100 -0.003655 0.999993 19.243437 
0.999994 -0.003415 -0.000267 -0.094126 0.003415 0.999993 0.001342 -0.324148 0.000263 -0.001343 0.999999 20.614906 
0.999990 -0.004422 -0.000266 -0.097561 0.004422 0.999990 -0.000655 -0.346254 0.000269 0.000654 1.000000 22.006058 
0.999997 -0.002176 0.000603 -0.114635 0.002177 0.999995 -0.002186 -0.372715 -0.000598 0.002188 0.999997 23.395325 
0.999999 0.000425 0.000953 -0.113152 -0.000425 1.000000 -0.000123 -0.397215 -0.000953 0.000122 1.000000 24.825570 
0.999999 0.000745 0.001353 -0.114615 -0.000749 0.999993 0.003547 -0.421388 -0.001350 -0.003548 0.999993 26.242265 
0.999997 -0.001555 0.001712 -0.109262 0.001546 0.999984 0.005354 -0.434520 -0.001720 -0.005351 0.999984 27.661196 
0.999984 -0.005403 0.001616 -0.115096 0.005397 0.999979 0.003488 -0.449404 -0.001635 -0.003480 0.999993 29.063860 
0.999983 -0.005698 0.001312 -0.110558 0.005697 0.999983 0.001182 -0.469450 -0.001319 -0.001174 0.999998 30.482494 
0.999982 -0.005648 0.002100 -0.121027 0.005651 0.999983 -0.001396 -0.488963 -0.002092 0.001408 0.999997 31.887894 
0.999993 -0.002224 0.002890 -0.131500 0.002230 0.999995 -0.002220 -0.512872 -0.002885 0.002226 0.999993 33.297772 
0.999994 -0.001361 0.003258 -0.135162 0.001375 0.999990 -0.004247 -0.544451 -0.003252 0.004251 0.999986 34.721576 
0.999995 -0.000660 0.003117 -0.137998 0.000671 0.999993 -0.003676 -0.571494 -0.003115 0.003678 0.999988 36.156242 
0.999994 -0.000478 0.003296 -0.154735 0.000486 0.999997 -0.002478 -0.602177 -0.003295 0.002479 0.999991 37.601872 
0.999996 0.000525 0.002809 -0.147667 -0.000523 0.999999 -0.000858 -0.628818 -0.002810 0.000857 0.999996 39.028933 
0.999989 0.003647 0.002898 -0.154087 -0.003645 0.999993 -0.000729 -0.650899 -0.002901 0.000718 0.999996 40.472476 
0.999976 0.006251 0.003022 -0.155874 -0.006247 0.999980 -0.001198 -0.676535 -0.003029 0.001179 0.999995 41.929287 
0.999961 0.008441 0.002756 -0.158955 -0.008440 0.999964 -0.000506 -0.709533 -0.002760 0.000483 0.999996 43.406784 
0.999955 0.009138 0.002590 -0.162970 -0.009136 0.999958 -0.000526 -0.730405 -0.002595 0.000502 0.999997 44.862937 
0.999963 0.008272 0.002170 -0.165572 -0.008271 0.999966 -0.000592 -0.758536 -0.002175 0.000575 0.999997 46.321846 
0.999971 0.007417 0.001529 -0.175139 -0.007415 0.999972 -0.001173 -0.777921 -0.001538 0.001162 0.999998 47.786395 
0.999978 0.006553 0.000613 -0.185339 -0.006553 0.999978 -0.000856 -0.803267 -0.000618 0.000852 0.999999 49.227542 
0.999976 0.006846 -0.000773 -0.183828 -0.006846 0.999977 0.000286 -0.825114 0.000775 -0.000281 1.000000 50.697297 
0.999972 0.007306 -0.001793 -0.196097 -0.007307 0.999973 -0.000080 -0.848696 0.001792 0.000093 0.999998 52.148603 
0.999966 0.007695 -0.003070 -0.199146 -0.007694 0.999970 0.000217 -0.869472 0.003072 -0.000194 0.999995 53.619445 
0.999962 0.007731 -0.003985 -0.217998 -0.007726 0.999969 0.001341 -0.899138 0.003995 -0.001310 0.999991 55.077790 
0.999972 0.005888 -0.004534 -0.233223 -0.005877 0.999980 0.002428 -0.925952 0.004548 -0.002401 0.999987 56.549125 
0.999977 0.004571 -0.004933 -0.244818 -0.004558 0.999986 0.002642 -0.950549 0.004945 -0.002619 0.999984 58.019760 
0.999982 0.001926 -0.005737 -0.243215 -0.001914 0.999996 0.002068 -0.976795 0.005741 -0.002057 0.999981 59.498029 
0.999983 0.001125 -0.005735 -0.260722 -0.001111 0.999996 0.002418 -0.998337 0.005738 -0.002412 0.999981 60.964922 
0.999986 -0.000368 -0.005223 -0.272454 0.000385 0.999995 0.003201 -1.021977 0.005222 -0.003203 0.999981 62.429553 
0.999987 -0.001536 -0.004877 -0.285768 0.001555 0.999991 0.003844 -1.041784 0.004871 -0.003851 0.999981 63.897942 
0.999985 -0.003323 -0.004381 -0.296917 0.003338 0.999989 0.003437 -1.060423 0.004369 -0.003452 0.999984 65.366022 
0.999981 -0.004852 -0.003883 -0.307700 0.004862 0.999985 0.002552 -1.081694 0.003870 -0.002571 0.999989 66.820022 
0.999986 -0.004046 -0.003302 -0.321835 0.004052 0.999990 0.001918 -1.103682 0.003294 -0.001932 0.999993 68.279493 
0.999994 -0.002374 -0.002428 -0.346847 0.002379 0.999996 0.001750 -1.132715 0.002424 -0.001756 0.999996 69.747051 
0.999997 0.001106 -0.002398 -0.343015 -0.001099 0.999994 0.003145 -1.163418 0.002401 -0.003142 0.999992 71.221698 
0.999989 0.004467 -0.001220 -0.361103 -0.004461 0.999981 0.004277 -1.177895 0.001239 -0.004271 0.999990 72.670141 
0.999962 0.008668 -0.000558 -0.372562 -0.008665 0.999952 0.004528 -1.199610 0.000597 -0.004523 0.999990 74.116349 
0.999910 0.013383 0.000243 -0.395301 -0.013384 0.999902 0.004170 -1.228590 -0.000187 -0.004173 0.999991 75.567107 
0.999871 0.016030 0.001030 -0.414207 -0.016034 0.999864 0.003771 -1.249218 -0.000969 -0.003787 0.999992 77.016171 
0.999839 0.017819 0.001957 -0.433889 -0.017826 0.999835 0.003577 -1.268648 -0.001893 -0.003611 0.999992 78.462393 
0.999838 0.017890 0.001947 -0.430469 -0.017898 0.999831 0.004211 -1.299768 -0.001872 -0.004246 0.999989 79.902114 
0.999857 0.016798 0.001993 -0.439087 -0.016806 0.999851 0.003978 -1.324422 -0.001926 -0.004011 0.999990 81.336571 
0.999875 0.015700 0.002068 -0.445249 -0.015706 0.999872 0.003172 -1.349631 -0.002018 -0.003204 0.999993 82.754458 
0.999885 0.015090 0.001792 -0.456383 -0.015095 0.999881 0.003095 -1.369962 -0.001745 -0.003122 0.999994 84.195377 
0.999891 0.014736 0.001068 -0.452000 -0.014740 0.999886 0.003394 -1.395937 -0.001018 -0.003409 0.999994 85.633699 
0.999891 0.014747 0.000897 -0.470559 -0.014749 0.999887 0.002808 -1.418497 -0.000855 -0.002821 0.999996 87.061867 
0.999889 0.014904 0.000137 -0.482075 -0.014904 0.999884 0.003162 -1.445291 -0.000090 -0.003164 0.999995 88.500057 
0.999896 0.014388 -0.001124 -0.483149 -0.014383 0.999888 0.004100 -1.471779 0.001183 -0.004084 0.999991 89.918918 
0.999924 0.012138 -0.002120 -0.494688 -0.012127 0.999914 0.004936 -1.485071 0.002179 -0.004910 0.999986 91.351849 
0.999945 0.009947 -0.003441 -0.501612 -0.009928 0.999936 0.005423 -1.506581 0.003495 -0.005389 0.999979 92.777490 
0.999958 0.008333 -0.003920 -0.506350 -0.008312 0.999952 0.005185 -1.523688 0.003963 -0.005152 0.999979 94.183665 
0.999966 0.006818 -0.004603 -0.511995 -0.006796 0.999966 0.004766 -1.547315 0.004635 -0.004735 0.999978 95.605124 
0.999972 0.005785 -0.004761 -0.526397 -0.005765 0.999975 0.004192 -1.566916 0.004785 -0.004164 0.999980 97.025037 
0.999968 0.006298 -0.005002 -0.543133 -0.006279 0.999973 0.003711 -1.591977 0.005025 -0.003680 0.999981 98.438173 
0.999969 0.006144 -0.004999 -0.551021 -0.006128 0.999976 0.003081 -1.612934 0.005018 -0.003050 0.999983 99.824499 
0.999962 0.007309 -0.004661 -0.570494 -0.007298 0.999971 0.002320 -1.637281 0.004678 -0.002286 0.999986 101.226856 
0.999953 0.008616 -0.004536 -0.584070 -0.008603 0.999959 0.002809 -1.666177 0.004560 -0.002770 0.999986 102.620800 
0.999947 0.009321 -0.004463 -0.593068 -0.009302 0.999947 0.004316 -1.690569 0.004503 -0.004274 0.999981 104.021201 
0.999937 0.010494 -0.004011 -0.611105 -0.010471 0.999929 0.005692 -1.712659 0.004071 -0.005650 0.999976 105.404679 
0.999944 0.009694 -0.004270 -0.615669 -0.009675 0.999944 0.004315 -1.733730 0.004312 -0.004273 0.999982 106.777988 
0.999942 0.009871 -0.004375 -0.623363 -0.009863 0.999950 0.001863 -1.752008 0.004393 -0.001820 0.999989 108.167364 
0.999948 0.009179 -0.004340 -0.633179 -0.009176 0.999958 0.000680 -1.775128 0.004346 -0.000640 0.999990 109.536219 
0.999965 0.007037 -0.004523 -0.641883 -0.007029 0.999974 0.001714 -1.796564 0.004535 -0.001682 0.999988 110.932317 
0.999983 0.004626 -0.003653 -0.654076 -0.004612 0.999982 0.003894 -1.824496 0.003671 -0.003877 0.999986 112.301453 
0.999990 0.003269 -0.003128 -0.654375 -0.003256 0.999985 0.004342 -1.845296 0.003142 -0.004331 0.999986 113.689745 
0.999995 0.002448 -0.002220 -0.667298 -0.002441 0.999992 0.003046 -1.871743 0.002228 -0.003040 0.999993 115.056041 
0.999988 0.004556 -0.001532 -0.680603 -0.004555 0.999989 0.000663 -1.893681 0.001535 -0.000656 0.999999 116.433564 
0.999978 0.006554 -0.000418 -0.689798 -0.006555 0.999977 -0.001437 -1.918449 0.000408 0.001440 0.999999 117.804935 
0.999954 0.009518 0.000717 -0.694378 -0.009517 0.999954 -0.001276 -1.945913 -0.000729 0.001269 0.999999 119.183634 
0.999938 0.010898 0.002178 -0.707923 -0.010900 0.999940 0.000610 -1.973882 -0.002171 -0.000633 0.999997 120.574092 
0.999938 0.010731 0.003087 -0.711926 -0.010740 0.999938 0.002973 -1.997138 -0.003055 -0.003006 0.999991 121.941871 
0.999942 0.010042 0.003837 -0.714666 -0.010056 0.999943 0.003469 -2.019054 -0.003802 -0.003507 0.999987 123.310948 
0.999931 0.010678 0.004976 -0.717987 -0.010691 0.999939 0.002697 -2.036402 -0.004946 -0.002750 0.999984 124.689069 
0.999900 0.012748 0.006044 -0.717552 -0.012761 0.999916 0.002147 -2.055207 -0.006017 -0.002224 0.999979 126.068167 
0.999868 0.014623 0.007108 -0.715316 -0.014636 0.999891 0.001754 -2.075211 -0.007081 -0.001858 0.999973 127.450903 
0.999847 0.015455 0.008238 -0.717167 -0.015460 0.999880 0.000561 -2.093445 -0.008228 -0.000688 0.999966 128.831610 
0.999813 0.016881 0.009397 -0.720048 -0.016879 0.999857 -0.000317 -2.116917 -0.009401 0.000159 0.999956 130.195546 
0.999819 0.015965 0.010303 -0.712008 -0.015960 0.999872 -0.000554 -2.139957 -0.010311 0.000389 0.999947 131.573918 
0.999822 0.015369 0.010912 -0.699954 -0.015376 0.999882 0.000571 -2.161761 -0.010902 -0.000738 0.999940 132.963719 
0.999832 0.013905 0.011957 -0.695663 -0.013925 0.999902 0.001592 -2.186529 -0.011934 -0.001758 0.999927 134.346601 
0.999835 0.013458 0.012206 -0.690012 -0.013481 0.999907 0.001829 -2.208681 -0.012180 -0.001994 0.999924 135.727898 
0.999867 0.011034 0.012015 -0.673888 -0.011058 0.999937 0.001866 -2.223457 -0.011994 -0.001999 0.999926 137.122531 
0.999889 0.009412 0.011550 -0.660304 -0.009442 0.999952 0.002581 -2.245540 -0.011526 -0.002690 0.999930 138.493545 
0.999908 0.007799 0.011075 -0.651566 -0.007824 0.999967 0.002235 -2.266960 -0.011057 -0.002321 0.999936 139.881578 
0.999930 0.006671 0.009818 -0.638872 -0.006692 0.999976 0.002045 -2.287350 -0.009805 -0.002111 0.999950 141.264088 
0.999948 0.005261 0.008688 -0.628453 -0.005288 0.999981 0.003097 -2.312070 -0.008671 -0.003142 0.999957 142.646631 
0.999965 0.003559 0.007560 -0.624597 -0.003584 0.999988 0.003277 -2.331799 -0.007549 -0.003304 0.999966 144.018954 
0.999976 0.003109 0.006264 -0.616343 -0.003130 0.999990 0.003301 -2.350789 -0.006253 -0.003321 0.999975 145.392858 
0.999985 0.002702 0.004686 -0.605532 -0.002715 0.999992 0.002867 -2.374471 -0.004678 -0.002880 0.999985 146.778749 
0.999989 0.002508 0.003991 -0.610775 -0.002518 0.999994 0.002416 -2.393361 -0.003985 -0.002426 0.999989 148.161432 
0.999996 -0.000238 0.002961 -0.610438 0.000238 1.000000 0.000109 -2.419989 -0.002961 -0.000108 0.999996 149.532641 
0.999982 -0.005658 0.002009 -0.607054 0.005658 0.999984 -0.000204 -2.443209 -0.002007 0.000216 0.999998 150.916943 
0.999910 -0.013376 0.001050 -0.602542 0.013374 0.999908 0.002173 -2.468040 -0.001079 -0.002159 0.999997 152.295217 
0.999796 -0.020205 -0.000721 -0.594852 0.020207 0.999789 0.003640 -2.487267 0.000648 -0.003654 0.999993 153.684968 
0.999725 -0.023362 -0.001837 -0.593137 0.023362 0.999727 0.000244 -2.508663 0.001831 -0.000286 0.999998 155.056183 
0.999742 -0.022700 -0.001177 -0.603277 0.022696 0.999738 -0.002907 -2.532672 0.001243 0.002880 0.999995 156.439189 
0.999810 -0.019481 -0.000434 -0.613543 0.019479 0.999799 -0.004723 -2.565855 0.000526 0.004714 0.999989 157.822706 
0.999807 -0.019633 0.000122 -0.614627 0.019633 0.999796 -0.004725 -2.597280 -0.000029 0.004727 0.999989 159.209339 
0.999743 -0.022671 0.000631 -0.608132 0.022672 0.999742 -0.001259 -2.625375 -0.000603 0.001273 0.999999 160.601222 
0.999602 -0.028195 0.001252 -0.607919 0.028193 0.999601 0.001597 -2.654529 -0.001297 -0.001561 0.999998 161.978093 
0.999482 -0.032162 0.001441 -0.605744 0.032157 0.999478 0.002983 -2.680260 -0.001536 -0.002935 0.999995 163.357790 
0.999422 -0.033969 0.001261 -0.595226 0.033965 0.999418 0.003081 -2.707425 -0.001365 -0.003036 0.999994 164.747302 
0.999484 -0.032006 0.002530 -0.605486 0.031996 0.999481 0.003793 -2.726980 -0.002650 -0.003710 0.999990 166.137550 
0.999606 -0.027851 0.003510 -0.607425 0.027841 0.999608 0.002843 -2.744847 -0.003588 -0.002744 0.999990 167.530028 
0.999692 -0.024445 0.004354 -0.613045 0.024441 0.999701 0.000848 -2.770155 -0.004373 -0.000741 0.999990 168.914803 
0.999760 -0.021396 0.004747 -0.605233 0.021396 0.999771 0.000019 -2.789354 -0.004746 0.000083 0.999989 170.313308 
0.999795 -0.019566 0.005190 -0.602011 0.019560 0.999808 0.001254 -2.813997 -0.005214 -0.001152 0.999986 171.702339 
0.999837 -0.017251 0.005253 -0.611531 0.017248 0.999851 0.000532 -2.832267 -0.005261 -0.000441 0.999986 173.092996 
0.999872 -0.015357 0.004553 -0.607990 0.015365 0.999880 -0.001783 -2.859890 -0.004525 0.001852 0.999988 174.504569 
0.999921 -0.011907 0.004126 -0.617503 0.011926 0.999918 -0.004595 -2.886846 -0.004071 0.004644 0.999981 175.919033 
0.999968 -0.006927 0.003994 -0.631081 0.006950 0.999959 -0.005778 -2.916533 -0.003954 0.005805 0.999975 177.328981 
0.999988 -0.002536 0.004084 -0.637198 0.002555 0.999986 -0.004619 -2.944404 -0.004072 0.004630 0.999981 178.744005 
0.999989 0.000316 0.004632 -0.648155 -0.000304 0.999997 -0.002618 -2.970705 -0.004633 0.002616 0.999986 180.169504 
0.999987 0.001558 0.004820 -0.653925 -0.001555 0.999999 -0.000688 -2.991919 -0.004821 0.000680 0.999988 181.585085 
0.999991 -0.001720 0.003846 -0.648437 0.001719 0.999999 0.000145 -3.011388 -0.003846 -0.000138 0.999993 183.016603 
0.999992 -0.003505 0.001968 -0.646167 0.003504 0.999994 0.000136 -3.030204 -0.001969 -0.000130 0.999998 184.429318 
0.999993 -0.003794 -0.000016 -0.646702 0.003794 0.999984 -0.004146 -3.056963 0.000031 0.004146 0.999991 185.842328 
0.999995 -0.002551 -0.001622 -0.654295 0.002537 0.999962 -0.008281 -3.088973 0.001643 0.008277 0.999964 187.257203 
0.999995 0.002048 -0.002398 -0.670731 -0.002069 0.999959 -0.008774 -3.123932 0.002380 0.008778 0.999959 188.689538 
0.999982 0.005584 -0.002411 -0.701521 -0.005603 0.999953 -0.007968 -3.153057 0.002366 0.007981 0.999965 190.144592 
0.999969 0.007579 -0.002036 -0.723499 -0.007588 0.999961 -0.004573 -3.180021 0.002001 0.004589 0.999987 191.599257 
0.999964 0.008327 -0.001647 -0.738883 -0.008332 0.999962 -0.002694 -3.206553 0.001625 0.002708 0.999995 193.038749 
0.999967 0.007983 -0.001574 -0.743950 -0.007986 0.999966 -0.001805 -3.236056 0.001560 0.001817 0.999997 194.485652 
0.999979 0.006283 -0.001648 -0.751033 -0.006285 0.999979 -0.001447 -3.252510 0.001639 0.001457 0.999998 195.938843 
0.999992 0.003778 -0.001472 -0.753331 -0.003779 0.999993 -0.000844 -3.282293 0.001469 0.000850 0.999999 197.383785 
0.999999 0.001232 -0.001205 -0.758399 -0.001233 0.999999 -0.000824 -3.309661 0.001204 0.000825 0.999999 198.832177 
0.999998 -0.001761 -0.000589 -0.765348 0.001761 0.999998 0.000142 -3.334050 0.000588 -0.000143 1.000000 200.300181 
0.999981 -0.006127 -0.000579 -0.753689 0.006128 0.999980 0.001693 -3.358216 0.000569 -0.001697 0.999998 201.765633 
0.999964 -0.008490 -0.000009 -0.765152 0.008490 0.999963 0.001383 -3.382532 -0.000003 -0.001383 0.999999 203.221338 
0.999979 -0.006403 0.000257 -0.771975 0.006404 0.999975 -0.003027 -3.405897 -0.000238 0.003028 0.999995 204.680908 
0.999999 0.000710 0.000717 -0.784358 -0.000705 0.999969 -0.007819 -3.438400 -0.000722 0.007819 0.999969 206.147431 
0.999950 0.009786 0.001851 -0.797832 -0.009772 0.999922 -0.007782 -3.473635 -0.001927 0.007763 0.999968 207.616848 
0.999842 0.017477 0.003213 -0.820259 -0.017464 0.999840 -0.003950 -3.508968 -0.003281 0.003893 0.999987 209.090497 
0.999823 0.018449 0.003808 -0.818116 -0.018442 0.999828 -0.001919 -3.534461 -0.003842 0.001848 0.999991 210.585263 
0.999860 0.016413 0.003362 -0.820584 -0.016409 0.999864 -0.001385 -3.561770 -0.003384 0.001329 0.999993 212.061594 
0.999908 0.013420 0.002140 -0.815724 -0.013416 0.999909 -0.001529 -3.586863 -0.002160 0.001500 0.999997 213.549300 
0.999934 0.011445 0.001134 -0.811670 -0.011442 0.999932 -0.002143 -3.612558 -0.001159 0.002130 0.999997 215.030236 
0.999929 0.011877 0.000256 -0.807169 -0.011877 0.999926 -0.002696 -3.640898 -0.000288 0.002693 0.999996 216.534410 
0.999914 0.013097 0.000185 -0.815830 -0.013096 0.999911 -0.002444 -3.671950 -0.000217 0.002442 0.999997 218.018774 
0.999897 0.014370 -0.000053 -0.824581 -0.014370 0.999896 -0.001570 -3.700194 0.000030 0.001570 0.999999 219.540305 
0.999905 0.013785 -0.000282 -0.827012 -0.013786 0.999903 -0.002093 -3.727050 0.000253 0.002097 0.999998 221.039261 
0.999914 0.013094 -0.000605 -0.844611 -0.013096 0.999910 -0.003039 -3.756950 0.000566 0.003046 0.999995 222.533624 
0.999922 0.012493 -0.000847 -0.849333 -0.012496 0.999917 -0.003229 -3.793150 0.000806 0.003239 0.999994 224.053454 
0.999915 0.012945 -0.001366 -0.860479 -0.012949 0.999910 -0.003474 -3.818432 0.001321 0.003491 0.999993 225.566542 
0.999911 0.013255 -0.001766 -0.859587 -0.013261 0.999906 -0.003552 -3.855979 0.001719 0.003575 0.999992 227.092667 
0.999910 0.013265 -0.002123 -0.872014 -0.013272 0.999905 -0.003623 -3.889271 0.002075 0.003651 0.999991 228.620083 
0.999894 0.014316 -0.002688 -0.881089 -0.014327 0.999889 -0.004099 -3.916470 0.002629 0.004137 0.999988 230.164542 
0.999897 0.014072 -0.002878 -0.899964 -0.014085 0.999892 -0.004275 -3.947285 0.002818 0.004315 0.999987 231.709330 
0.999888 0.014606 -0.003149 -0.918483 -0.014619 0.999884 -0.004298 -3.976850 0.003086 0.004344 0.999986 233.251704 
0.999893 0.014155 -0.003582 -0.921104 -0.014172 0.999889 -0.004598 -4.004107 0.003516 0.004648 0.999983 234.810874 
0.999917 0.012565 -0.002994 -0.951888 -0.012579 0.999911 -0.004514 -4.041394 0.002937 0.004551 0.999985 236.341987 
0.999926 0.011798 -0.002990 -0.959610 -0.011812 0.999920 -0.004466 -4.068963 0.002937 0.004501 0.999986 237.890442 
0.999940 0.010516 -0.003009 -0.961395 -0.010527 0.999938 -0.003633 -4.102330 0.002971 0.003664 0.999989 239.445952 
0.999944 0.010088 -0.003164 -0.971204 -0.010098 0.999944 -0.003268 -4.138426 0.003131 0.003300 0.999990 240.989597 
0.999939 0.010635 -0.003059 -0.982899 -0.010646 0.999937 -0.003660 -4.169456 0.003020 0.003692 0.999989 242.539305 
0.999929 0.011421 -0.003274 -0.978882 -0.011435 0.999925 -0.004319 -4.204065 0.003225 0.004356 0.999985 244.093031 
0.999917 0.012586 -0.002860 -0.989549 -0.012596 0.999913 -0.003815 -4.229813 0.002812 0.003851 0.999989 245.673850 
0.999918 0.012693 -0.001536 -1.032908 -0.012696 0.999918 -0.001921 -4.253816 0.001512 0.001941 0.999997 247.251537 
0.999917 0.012842 -0.001253 -1.029941 -0.012844 0.999916 -0.001512 -4.287314 0.001233 0.001528 0.999998 248.828405 
0.999913 0.013150 -0.000957 -1.029684 -0.013153 0.999908 -0.003279 -4.314690 0.000914 0.003291 0.999994 250.401394 
0.999909 0.013486 -0.000769 -1.026407 -0.013489 0.999899 -0.004578 -4.347658 0.000707 0.004587 0.999989 251.959545 
0.999901 0.014037 -0.000172 -1.047819 -0.014038 0.999892 -0.004291 -4.375387 0.000112 0.004293 0.999991 253.545925 
0.999901 0.014045 0.000133 -1.067854 -0.014044 0.999896 -0.003363 -4.408277 -0.000180 0.003361 0.999994 255.112941 
0.999899 0.014212 -0.000279 -1.069440 -0.014213 0.999896 -0.002565 -4.446279 0.000242 0.002569 0.999997 256.681071 
0.999896 0.014384 -0.000747 -1.071370 -0.014386 0.999893 -0.002515 -4.478588 0.000710 0.002526 0.999997 258.254385 
0.999878 0.015582 -0.000921 -1.078243 -0.015584 0.999876 -0.002169 -4.511443 0.000887 0.002183 0.999997 259.853587 
0.999858 0.016859 -0.000613 -1.093901 -0.016860 0.999856 -0.002158 -4.541935 0.000576 0.002168 0.999997 261.438039 
0.999853 0.017125 -0.000876 -1.101143 -0.017127 0.999851 -0.001978 -4.569302 0.000842 0.001993 0.999998 263.018308 
0.999873 0.015888 -0.000910 -1.107210 -0.015889 0.999872 -0.002001 -4.592547 0.000878 0.002015 0.999998 264.595314 
0.999899 0.014208 -0.000839 -1.111481 -0.014209 0.999898 -0.001350 -4.622190 0.000820 0.001362 0.999999 266.189076 
0.999927 0.012038 -0.001098 -1.108916 -0.012039 0.999927 -0.000544 -4.654464 0.001091 0.000557 0.999999 267.781749 
0.999941 0.010736 -0.001370 -1.110749 -0.010738 0.999942 -0.001226 -4.685335 0.001356 0.001241 0.999998 269.387829 
0.999951 0.009734 -0.001713 -1.114411 -0.009738 0.999950 -0.002160 -4.717331 0.001692 0.002177 0.999996 270.974909 
0.999969 0.007839 -0.001012 -1.128986 -0.007839 0.999969 -0.000218 -4.744495 0.001011 0.000226 0.999999 272.560182 
0.999981 0.006082 -0.000579 -1.136169 -0.006081 0.999980 0.001578 -4.772399 0.000589 -0.001574 0.999999 274.142390 
0.999987 0.005054 -0.000386 -1.145347 -0.005054 0.999987 0.000615 -4.794338 0.000389 -0.000613 1.000000 275.723882 
0.999990 0.004538 0.000054 -1.150551 -0.004538 0.999990 -0.000287 -4.821137 -0.000056 0.000287 1.000000 277.304805 
0.999987 0.005032 0.001024 -1.162643 -0.005031 0.999987 -0.000414 -4.851362 -0.001026 0.000409 0.999999 278.881146 
0.999974 0.006838 0.002167 -1.179302 -0.006837 0.999977 -0.000421 -4.880638 -0.002169 0.000406 0.999998 280.468481 
0.999964 0.007940 0.002905 -1.182428 -0.007939 0.999968 -0.000563 -4.911685 -0.002909 0.000540 0.999996 282.059490 
0.999952 0.009100 0.003628 -1.178882 -0.009097 0.999958 -0.000785 -4.940648 -0.003635 0.000752 0.999993 283.643594 
0.999944 0.009536 0.004556 -1.174329 -0.009531 0.999954 -0.001012 -4.969607 -0.004565 0.000969 0.999989 285.226004 
0.999936 0.009908 0.005511 -1.181997 -0.009898 0.999949 -0.001889 -4.997816 -0.005530 0.001834 0.999983 286.811835 
0.999935 0.009356 0.006495 -1.182307 -0.009339 0.999953 -0.002597 -5.026925 -0.006519 0.002536 0.999976 288.403386 
0.999933 0.008770 0.007493 -1.179436 -0.008755 0.999960 -0.002040 -5.065359 -0.007510 0.001974 0.999970 289.994485 
0.999939 0.007668 0.007993 -1.168158 -0.007660 0.999970 -0.001109 -5.094863 -0.008002 0.001048 0.999967 291.602023 
0.999945 0.006524 0.008224 -1.158078 -0.006519 0.999978 -0.000740 -5.126239 -0.008228 0.000686 0.999966 293.212004 
0.999950 0.005748 0.008241 -1.154535 -0.005721 0.999978 -0.003236 -5.154694 -0.008259 0.003189 0.999961 294.802863 
0.999960 0.004368 0.007812 -1.148380 -0.004326 0.999976 -0.005406 -5.189135 -0.007835 0.005372 0.999955 296.403687 
0.999964 0.004598 0.007155 -1.139435 -0.004560 0.999975 -0.005331 -5.227834 -0.007180 0.005298 0.999960 298.000573 
0.999976 0.003339 0.006101 -1.126904 -0.003307 0.999981 -0.005289 -5.264566 -0.006119 0.005269 0.999967 299.609999 
0.999978 0.003530 0.005562 -1.133327 -0.003497 0.999976 -0.006027 -5.295416 -0.005583 0.006007 0.999966 301.208384 
0.999983 0.003700 0.004606 -1.126894 -0.003671 0.999973 -0.006441 -5.328899 -0.004630 0.006424 0.999969 302.826087 
0.999985 0.003597 0.004054 -1.128799 -0.003572 0.999976 -0.006005 -5.361054 -0.004075 0.005991 0.999974 304.447803 
0.999989 0.003306 0.003185 -1.130193 -0.003288 0.999978 -0.005687 -5.404311 -0.003204 0.005676 0.999979 306.060127 
0.999994 0.002647 0.002347 -1.132616 -0.002637 0.999987 -0.004463 -5.432308 -0.002359 0.004457 0.999987 307.681138 
0.999988 0.004592 0.001719 -1.143665 -0.004587 0.999985 -0.003064 -5.470698 -0.001733 0.003056 0.999994 309.318365 
0.999985 0.004909 0.002426 -1.141854 -0.004902 0.999983 -0.003076 -5.498404 -0.002442 0.003064 0.999992 310.955585 
0.999980 0.005461 0.003037 -1.138484 -0.005450 0.999979 -0.003488 -5.525199 -0.003056 0.003471 0.999989 312.606353 
0.999986 0.004213 0.003182 -1.129982 -0.004200 0.999983 -0.003933 -5.547144 -0.003199 0.003919 0.999987 314.273134 
0.999992 0.002330 0.003188 -1.116496 -0.002314 0.999985 -0.004945 -5.579665 -0.003200 0.004938 0.999983 315.901525 
0.999994 0.001010 0.003353 -1.114291 -0.000987 0.999976 -0.006829 -5.618945 -0.003360 0.006826 0.999971 317.566103 
0.999994 0.000615 0.003318 -1.110151 -0.000589 0.999969 -0.007847 -5.651707 -0.003323 0.007845 0.999964 319.204960 
0.999998 0.001337 0.001170 -1.118303 -0.001327 0.999961 -0.008727 -5.697191 -0.001181 0.008725 0.999961 320.861427 
0.999996 0.002542 -0.000911 -1.120591 -0.002549 0.999966 -0.007894 -5.740406 0.000891 0.007897 0.999968 322.532285 
0.999992 0.003808 -0.001124 -1.132833 -0.003813 0.999982 -0.004631 -5.778038 0.001106 0.004635 0.999989 324.241273 
0.999998 0.002096 -0.000617 -1.140144 -0.002097 0.999997 -0.001445 -5.815634 0.000614 0.001446 0.999999 325.924108 
0.999999 0.001250 -0.000236 -1.151395 -0.001250 0.999999 -0.000779 -5.846373 0.000235 0.000779 1.000000 327.608158 
1.000000 0.000257 0.000112 -1.164255 -0.000257 0.999998 -0.001961 -5.877872 -0.000113 0.001961 0.999998 329.279763 
1.000000 -0.000382 0.000748 -1.162730 0.000383 0.999998 -0.002043 -5.908726 -0.000748 0.002044 0.999998 330.967034 
1.000000 -0.000215 0.000833 -1.167632 0.000216 0.999998 -0.001882 -5.939017 -0.000833 0.001882 0.999998 332.644300 
0.999999 -0.000157 0.001663 -1.166981 0.000160 0.999998 -0.001905 -5.972479 -0.001663 0.001906 0.999997 334.355013 
0.999997 0.001253 0.002028 -1.174807 -0.001248 0.999996 -0.002706 -6.012501 -0.002031 0.002703 0.999994 336.023583 
0.999994 0.001981 0.002820 -1.177565 -0.001972 0.999993 -0.003215 -6.047864 -0.002826 0.003210 0.999991 337.695012 
0.999994 0.000623 0.003509 -1.178888 -0.000619 0.999999 -0.001185 -6.085240 -0.003510 0.001183 0.999993 339.336123 
0.999994 -0.000388 0.003392 -1.169743 0.000390 1.000000 -0.000561 -6.113496 -0.003391 0.000563 0.999994 341.042559 
0.999994 -0.001436 0.003178 -1.165619 0.001442 0.999998 -0.001642 -6.148337 -0.003175 0.001647 0.999994 342.707651 
0.999994 -0.000257 0.003388 -1.175557 0.000263 0.999999 -0.001573 -6.187082 -0.003388 0.001574 0.999993 344.369204 
0.999994 0.001305 0.003290 -1.185371 -0.001293 0.999993 -0.003529 -6.221123 -0.003294 0.003525 0.999988 346.026731 
0.999993 0.002922 0.002307 -1.183419 -0.002907 0.999976 -0.006324 -6.263731 -0.002325 0.006318 0.999977 347.694897 
0.999988 0.004527 0.001759 -1.206534 -0.004516 0.999971 -0.006209 -6.292059 -0.001787 0.006201 0.999979 349.386322 
0.999983 0.005724 0.000912 -1.211683 -0.005721 0.999980 -0.002864 -6.327155 -0.000929 0.002859 0.999995 351.035886 
0.999974 0.007182 0.000279 -1.230129 -0.007182 0.999974 -0.000122 -6.361071 -0.000280 0.000120 1.000000 352.665347 
0.999971 0.007484 -0.001089 -1.235288 -0.007485 0.999971 -0.001269 -6.396857 0.001080 0.001278 0.999999 354.328906 
0.999972 0.006888 -0.002823 -1.244897 -0.006896 0.999973 -0.002687 -6.433858 0.002805 0.002706 0.999992 355.970858 
0.999972 0.005245 -0.005253 -1.246302 -0.005252 0.999985 -0.001221 -6.469516 0.005246 0.001248 0.999985 357.635543 
0.999973 0.003690 -0.006347 -1.261803 -0.003693 0.999993 -0.000546 -6.509920 0.006345 0.000569 0.999980 359.299306 
0.999970 0.003628 -0.006886 -1.275350 -0.003639 0.999992 -0.001543 -6.535109 0.006880 0.001568 0.999975 360.957071 
0.999970 0.002961 -0.007152 -1.292175 -0.002977 0.999993 -0.002243 -6.568317 0.007145 0.002265 0.999972 362.601935 
0.999970 0.002510 -0.007307 -1.313877 -0.002528 0.999994 -0.002364 -6.600302 0.007301 0.002383 0.999971 364.243005 
0.999974 0.002139 -0.006822 -1.341476 -0.002156 0.999994 -0.002595 -6.633233 0.006817 0.002609 0.999973 365.904655 
0.999973 0.001543 -0.007140 -1.353968 -0.001565 0.999994 -0.003084 -6.668226 0.007135 0.003095 0.999970 367.543332 
0.999973 0.001352 -0.007165 -1.379770 -0.001378 0.999992 -0.003652 -6.706701 0.007160 0.003662 0.999968 369.188744 
0.999973 0.000748 -0.007315 -1.393419 -0.000772 0.999994 -0.003330 -6.743859 0.007313 0.003335 0.999968 370.829826 
0.999976 0.001431 -0.006781 -1.419722 -0.001461 0.999989 -0.004416 -6.777404 0.006774 0.004426 0.999967 372.491999 
0.999974 -0.000250 -0.007244 -1.430404 0.000208 0.999983 -0.005764 -6.811848 0.007245 0.005762 0.999957 374.149000 
0.999971 -0.001710 -0.007468 -1.446316 0.001680 0.999990 -0.004041 -6.847751 0.007475 0.004028 0.999964 375.810996 
0.999966 -0.003344 -0.007580 -1.458478 0.003321 0.999990 -0.003058 -6.887684 0.007590 0.003032 0.999967 377.451631 
0.999963 -0.003736 -0.007701 -1.470443 0.003704 0.999984 -0.004192 -6.922104 0.007716 0.004163 0.999962 379.103153 
0.999970 -0.002588 -0.007330 -1.493875 0.002554 0.999986 -0.004683 -6.961086 0.007342 0.004664 0.999962 380.748988 
0.999973 -0.000651 -0.007300 -1.504012 0.000619 0.999990 -0.004360 -6.986193 0.007303 0.004355 0.999964 382.420019 
0.999973 0.000447 -0.007399 -1.517379 -0.000472 0.999994 -0.003451 -7.022603 0.007397 0.003455 0.999967 384.086205 
0.999977 0.000735 -0.006747 -1.542950 -0.000760 0.999993 -0.003706 -7.059773 0.006744 0.003711 0.999970 385.736316 
0.999979 0.000791 -0.006354 -1.561950 -0.000822 0.999988 -0.004834 -7.092307 0.006350 0.004839 0.999968 387.401597 
0.999980 0.000963 -0.006322 -1.578171 -0.000993 0.999988 -0.004830 -7.133440 0.006317 0.004836 0.999968 389.058429 
0.999981 0.001513 -0.006007 -1.588494 -0.001543 0.999986 -0.005009 -7.168803 0.005999 0.005018 0.999969 390.715987 
0.999979 0.002666 -0.005899 -1.599134 -0.002694 0.999985 -0.004846 -7.204273 0.005886 0.004862 0.999971 392.376241 
0.999974 0.004362 -0.005814 -1.606598 -0.004386 0.999982 -0.004161 -7.240591 0.005796 0.004187 0.999974 394.031547 
0.999968 0.005930 -0.005364 -1.631566 -0.005958 0.999969 -0.005061 -7.267879 0.005334 0.005093 0.999973 395.697397 
0.999963 0.006807 -0.005270 -1.647829 -0.006837 0.999960 -0.005685 -7.302437 0.005231 0.005721 0.999970 397.362223 
0.999959 0.007648 -0.004761 -1.673599 -0.007675 0.999955 -0.005572 -7.342895 0.004718 0.005608 0.999973 399.006192 
0.999957 0.008236 -0.004370 -1.698930 -0.008257 0.999955 -0.004677 -7.378339 0.004332 0.004713 0.999980 400.672870 
0.999951 0.008931 -0.004225 -1.712404 -0.008948 0.999952 -0.003961 -7.424080 0.004190 0.003999 0.999983 402.332425 
0.999944 0.009795 -0.003900 -1.729357 -0.009813 0.999942 -0.004510 -7.459131 0.003856 0.004548 0.999982 404.010028 
0.999947 0.009673 -0.003564 -1.743198 -0.009689 0.999944 -0.004274 -7.492706 0.003522 0.004309 0.999985 405.680173 
