1.000000000 0.000000000 0.000000000 0.000000000 0.000000000 1.000000000 0.000000000 0.000000000 0.000000000 0.000000000 1.000000000 0.000000000
1.000000 -0.000543 -0.000146 -0.005962 0.000544 0.999999 0.001552 -0.017303 0.000145 -0.001552 0.999999 1.330203 
0.999998 -0.001666 -0.000538 -0.015699 0.001667 0.999997 0.001627 -0.038292 0.000535 -0.001628 0.999999 2.656258 
0.999996 -0.002930 -0.000581 -0.018527 0.002930 0.999996 0.000463 -0.053679 0.000580 -0.000464 1.000000 4.006094 
0.999994 -0.003277 -0.000731 -0.025643 0.003277 0.999994 0.000561 -0.075764 0.000729 -0.000564 1.000000 5.312684 
0.999992 -0.003855 -0.000591 -0.029760 0.003855 0.999991 0.001521 -0.098021 0.000585 -0.001524 0.999999 6.655213 
0.999986 -0.005284 -0.000698 -0.027649 0.005286 0.999983 0.002624 -0.117496 0.000684 -0.002628 0.999996 7.994220 
0.999989 -0.004687 -0.000574 -0.037905 0.004689 0.999984 0.003204 -0.138370 0.000559 -0.003207 0.999995 9.327210 
0.999992 -0.003823 -0.001033 -0.045690 0.003824 0.999992 0.001352 -0.156994 0.001028 -0.001355 0.999999 10.661728 
0.999999 -0.000917 -0.000995 -0.058806 0.000916 0.999999 -0.000951 -0.177199 0.000996 0.000950 0.999999 12.023030 
0.999997 0.002458 -0.000535 -0.081051 -0.002459 0.999995 -0.001773 -0.203205 0.000530 0.001774 0.999998 13.369769 
0.999987 0.004975 -0.000509 -0.090813 -0.004976 0.999986 -0.001992 -0.224175 0.000499 0.001995 0.999998 14.726248 
0.999982 0.005988 -0.000201 -0.106668 -0.005989 0.999981 -0.001148 -0.248133 0.000194 0.001149 0.999999 16.082385 
0.999993 0.003604 0.000213 -0.110819 -0.003605 0.999992 0.001548 -0.267995 -0.000207 -0.001549 0.999999 17.444189 
1.000000 -0.000810 -0.000022 -0.106638 0.000810 0.999994 0.003494 -0.292608 0.000019 -0.003494 0.999994 18.813092 
0.999995 -0.003104 -0.000225 -0.107781 0.003104 0.999995 0.001129 -0.310795 0.000222 -0.001130 0.999999 20.187081 
0.999992 -0.004093 -0.000363 -0.109392 0.004093 0.999991 -0.000935 -0.330361 0.000367 0.000933 0.999999 21.553903 
0.999998 -0.002034 0.000230 -0.119577 0.002035 0.999995 -0.002293 -0.360104 -0.000225 0.002294 0.999997 22.922708 
0.999999 0.000836 0.001005 -0.132064 -0.000835 1.000000 -0.000379 -0.381349 -0.001005 0.000378 0.999999 24.308741 
0.999998 0.001172 0.001369 -0.132073 -0.001176 0.999994 0.003170 -0.402062 -0.001365 -0.003172 0.999994 25.698400 
0.999998 -0.000997 0.001506 -0.127365 0.000990 0.999987 0.004937 -0.415267 -0.001511 -0.004936 0.999987 27.094624 
0.999987 -0.004851 0.001327 -0.126153 0.004847 0.999984 0.003074 -0.432558 -0.001342 -0.003067 0.999994 28.466653 
0.999988 -0.004797 0.001223 -0.127915 0.004797 0.999988 0.000738 -0.450258 -0.001227 -0.000732 0.999999 29.851746 
0.999985 -0.005029 0.001951 -0.135233 0.005032 0.999986 -0.001711 -0.471594 -0.001943 0.001720 0.999997 31.228808 
0.999996 -0.001334 0.002550 -0.140121 0.001341 0.999996 -0.002600 -0.495800 -0.002547 0.002603 0.999993 32.606594 
0.999996 -0.000698 0.002607 -0.137967 0.000710 0.999989 -0.004544 -0.528904 -0.002604 0.004546 0.999986 34.005103 
0.999996 0.000250 0.002871 -0.147504 -0.000239 0.999993 -0.003857 -0.558410 -0.002872 0.003856 0.999988 35.400819 
0.999997 0.000147 0.002533 -0.151659 -0.000141 0.999997 -0.002603 -0.587734 -0.002533 0.002602 0.999993 36.820122 
0.999996 0.001454 0.002489 -0.159593 -0.001452 0.999998 -0.001012 -0.614838 -0.002490 0.001009 0.999996 38.230243 
0.999987 0.004382 0.002560 -0.171574 -0.004380 0.999990 -0.000900 -0.636643 -0.002564 0.000889 0.999996 39.646236 
0.999971 0.007026 0.002863 -0.179612 -0.007022 0.999974 -0.001537 -0.657202 -0.002873 0.001516 0.999995 41.076464 
0.999952 0.009459 0.002655 -0.182369 -0.009457 0.999955 -0.001131 -0.682596 -0.002665 0.001106 0.999996 42.508435 
0.999941 0.010527 0.002633 -0.191316 -0.010524 0.999944 -0.001183 -0.706365 -0.002645 0.001155 0.999996 43.925542 
0.999951 0.009699 0.001855 -0.185719 -0.009697 0.999952 -0.001215 -0.734720 -0.001867 0.001197 0.999998 45.349511 
0.999959 0.008942 0.001215 -0.192006 -0.008939 0.999959 -0.001667 -0.758602 -0.001230 0.001656 0.999998 46.793002 
0.999967 0.008175 0.000067 -0.195382 -0.008174 0.999966 -0.001461 -0.783521 -0.000079 0.001460 0.999999 48.222106 
0.999964 0.008408 -0.000902 -0.204256 -0.008409 0.999965 -0.000360 -0.809294 0.000899 0.000368 1.000000 49.642250 
0.999960 0.008703 -0.001935 -0.214795 -0.008704 0.999962 -0.000472 -0.839839 0.001930 0.000489 0.999998 51.080999 
0.999954 0.009125 -0.003113 -0.229701 -0.009126 0.999958 -0.000224 -0.861557 0.003111 0.000252 0.999995 52.527248 
0.999947 0.009522 -0.003946 -0.249563 -0.009520 0.999955 0.000407 -0.879740 0.003950 -0.000370 0.999992 53.965021 
0.999957 0.007890 -0.004813 -0.259703 -0.007883 0.999968 0.001420 -0.905126 0.004824 -0.001382 0.999987 55.414398 
0.999965 0.006511 -0.005307 -0.268525 -0.006503 0.999978 0.001564 -0.930799 0.005317 -0.001530 0.999985 56.861598 
0.999976 0.003882 -0.005807 -0.280325 -0.003877 0.999992 0.000941 -0.955891 0.005810 -0.000919 0.999983 58.304084 
0.999979 0.003245 -0.005659 -0.297279 -0.003239 0.999994 0.001116 -0.979318 0.005663 -0.001098 0.999983 59.740636 
0.999983 0.001839 -0.005446 -0.308063 -0.001829 0.999996 0.001927 -1.004688 0.005449 -0.001917 0.999983 61.180369 
0.999986 0.000779 -0.005163 -0.316832 -0.000766 0.999996 0.002564 -1.030282 0.005165 -0.002560 0.999983 62.631115 
0.999989 -0.000728 -0.004671 -0.331713 0.000738 0.999998 0.002017 -1.051202 0.004669 -0.002020 0.999987 64.066356 
0.999989 -0.002168 -0.004259 -0.341637 0.002172 0.999997 0.000943 -1.071428 0.004257 -0.000952 0.999990 65.493237 
0.999992 -0.001568 -0.003675 -0.356606 0.001569 0.999999 0.000512 -1.098408 0.003674 -0.000518 0.999993 66.923074 
0.999996 0.000180 -0.002735 -0.373103 -0.000179 1.000000 0.000073 -1.123525 0.002735 -0.000073 0.999996 68.355946 
0.999991 0.003581 -0.002116 -0.385489 -0.003579 0.999993 0.001352 -1.149346 0.002121 -0.001345 0.999997 69.774658 
0.999977 0.006608 -0.001457 -0.401241 -0.006604 0.999975 0.002706 -1.174101 0.001474 -0.002697 0.999995 71.209762 
0.999942 0.010750 -0.000683 -0.421487 -0.010748 0.999937 0.003120 -1.196659 0.000716 -0.003113 0.999995 72.625103 
0.999886 0.015116 0.000164 -0.442397 -0.015116 0.999882 0.002810 -1.221789 -0.000121 -0.002812 0.999996 74.036837 
0.999830 0.018435 0.000897 -0.460834 -0.018437 0.999828 0.002081 -1.242530 -0.000859 -0.002098 0.999997 75.437847 
0.999791 0.020388 0.001434 -0.468637 -0.020391 0.999790 0.002091 -1.272581 -0.001392 -0.002119 0.999997 76.858291 
0.999786 0.020591 0.001999 -0.480898 -0.020596 0.999785 0.002427 -1.292251 -0.001948 -0.002468 0.999995 78.265769 
0.999802 0.019783 0.002060 -0.486388 -0.019787 0.999802 0.002093 -1.318275 -0.002018 -0.002133 0.999996 79.670547 
0.999829 0.018427 0.001768 -0.489613 -0.018430 0.999829 0.001549 -1.352706 -0.001739 -0.001581 0.999997 81.082706 
0.999838 0.017963 0.001270 -0.487993 -0.017965 0.999838 0.001415 -1.373667 -0.001245 -0.001437 0.999998 82.502561 
0.999844 0.017613 0.001389 -0.500791 -0.017615 0.999844 0.001540 -1.387563 -0.001361 -0.001564 0.999998 83.893641 
0.999845 0.017605 0.000782 -0.501812 -0.017606 0.999844 0.001059 -1.415411 -0.000763 -0.001072 0.999999 85.271512 
0.999839 0.017954 0.000339 -0.522463 -0.017954 0.999838 0.001373 -1.443734 -0.000315 -0.001379 0.999999 86.675573 
0.999847 0.017474 -0.000958 -0.533042 -0.017472 0.999845 0.002135 -1.467851 0.000995 -0.002118 0.999997 88.093790 
0.999879 0.015426 -0.002069 -0.546504 -0.015420 0.999877 0.002951 -1.490635 0.002114 -0.002919 0.999994 89.510305 
0.999905 0.013385 -0.003240 -0.553560 -0.013374 0.999905 0.003466 -1.514513 0.003286 -0.003422 0.999989 90.896692 
0.999927 0.011452 -0.003729 -0.569231 -0.011439 0.999929 0.003467 -1.534970 0.003768 -0.003424 0.999987 92.283944 
0.999941 0.009975 -0.004358 -0.580849 -0.009963 0.999946 0.002955 -1.558245 0.004387 -0.002912 0.999986 93.690668 
0.999949 0.008981 -0.004624 -0.592230 -0.008969 0.999957 0.002466 -1.580972 0.004646 -0.002424 0.999986 95.100691 
0.999942 0.009448 -0.005091 -0.597704 -0.009438 0.999953 0.002032 -1.608373 0.005110 -0.001984 0.999985 96.491587 
0.999943 0.009405 -0.004975 -0.608097 -0.009398 0.999955 0.001479 -1.632053 0.004989 -0.001432 0.999987 97.845456 
0.999934 0.010387 -0.005005 -0.621303 -0.010383 0.999946 0.000741 -1.659615 0.005012 -0.000689 0.999987 99.218089 
0.999916 0.012112 -0.004513 -0.634829 -0.012108 0.999926 0.000932 -1.680827 0.004524 -0.000877 0.999989 100.578935 
0.999911 0.012512 -0.004612 -0.641878 -0.012501 0.999919 0.002371 -1.705987 0.004641 -0.002313 0.999987 101.951840 
0.999901 0.013419 -0.004345 -0.659955 -0.013402 0.999903 0.003912 -1.736011 0.004397 -0.003853 0.999983 103.296846 
0.999914 0.012400 -0.004227 -0.670454 -0.012389 0.999920 0.002677 -1.762297 0.004260 -0.002624 0.999987 104.637193 
0.999913 0.012505 -0.004293 -0.681205 -0.012504 0.999922 0.000391 -1.789048 0.004297 -0.000337 0.999991 106.010375 
0.999922 0.011678 -0.004467 -0.693982 -0.011681 0.999932 -0.000516 -1.817705 0.004461 0.000568 0.999990 107.342532 
0.999943 0.009718 -0.004482 -0.701434 -0.009715 0.999953 0.000497 -1.839801 0.004487 -0.000453 0.999990 108.698084 
0.999967 0.007045 -0.003983 -0.707775 -0.007035 0.999972 0.002626 -1.865146 0.004001 -0.002598 0.999989 110.048833 
0.999977 0.005904 -0.003385 -0.711036 -0.005894 0.999978 0.002918 -1.884580 0.003402 -0.002898 0.999990 111.407723 
0.999984 0.005092 -0.002493 -0.726562 -0.005088 0.999986 0.001562 -1.907628 0.002501 -0.001550 0.999996 112.756793 
0.999973 0.007206 -0.001388 -0.743123 -0.007207 0.999974 -0.000583 -1.937378 0.001384 0.000593 0.999999 114.094866 
0.999956 0.009340 -0.000060 -0.757481 -0.009340 0.999953 -0.002664 -1.961939 0.000035 0.002665 0.999996 115.434976 
0.999921 0.012492 0.001264 -0.762670 -0.012488 0.999918 -0.002670 -1.987934 -0.001297 0.002654 0.999996 116.792048 
0.999905 0.013552 0.002494 -0.765664 -0.013550 0.999908 -0.000631 -2.015700 -0.002502 0.000597 0.999997 118.151857 
0.999900 0.013608 0.003831 -0.780720 -0.013615 0.999906 0.001681 -2.039029 -0.003807 -0.001733 0.999991 119.491777 
0.999905 0.013019 0.004550 -0.778770 -0.013029 0.999913 0.002097 -2.060925 -0.004523 -0.002156 0.999987 120.831774 
0.999899 0.013145 0.005425 -0.776128 -0.013155 0.999912 0.001676 -2.084299 -0.005403 -0.001747 0.999984 122.184048 
0.999859 0.015347 0.006825 -0.784747 -0.015354 0.999882 0.000961 -2.102703 -0.006809 -0.001065 0.999976 123.522800 
0.999824 0.017107 0.007732 -0.780868 -0.017112 0.999853 0.000574 -2.123406 -0.007721 -0.000706 0.999970 124.879330 
0.999798 0.018087 0.008728 -0.779389 -0.018082 0.999836 -0.000605 -2.143867 -0.008737 0.000448 0.999962 126.232942 
0.999765 0.019441 0.009573 -0.775261 -0.019427 0.999810 -0.001478 -2.165925 -0.009599 0.001292 0.999953 127.584964 
0.999776 0.018358 0.010535 -0.769471 -0.018341 0.999830 -0.001671 -2.189189 -0.010564 0.001478 0.999943 128.943256 
0.999774 0.017878 0.011497 -0.769268 -0.017872 0.999840 -0.000579 -2.213598 -0.011506 0.000373 0.999934 130.305073 
0.999797 0.016213 0.011937 -0.751170 -0.016216 0.999869 0.000161 -2.231561 -0.011933 -0.000355 0.999929 131.677079 
0.999807 0.015475 0.012126 -0.744405 -0.015479 0.999880 0.000269 -2.250037 -0.012120 -0.000456 0.999926 133.048714 
0.999844 0.013023 0.011930 -0.731272 -0.013031 0.999915 0.000588 -2.275928 -0.011921 -0.000744 0.999929 134.405054 
0.999865 0.011467 0.011780 -0.726683 -0.011483 0.999933 0.001276 -2.297474 -0.011765 -0.001411 0.999930 135.767788 
0.999888 0.010053 0.011096 -0.716047 -0.010064 0.999949 0.000956 -2.321421 -0.011085 -0.001067 0.999938 137.126821 
0.999908 0.008972 0.010140 -0.712287 -0.008980 0.999959 0.000712 -2.341604 -0.010133 -0.000803 0.999948 138.489630 
0.999933 0.007516 0.008795 -0.701766 -0.007531 0.999970 0.001612 -2.362476 -0.008783 -0.001678 0.999960 139.845068 
0.999949 0.006146 0.008035 -0.701333 -0.006159 0.999980 0.001630 -2.380098 -0.008025 -0.001679 0.999966 141.189695 
0.999962 0.005860 0.006434 -0.695943 -0.005870 0.999982 0.001592 -2.399335 -0.006424 -0.001630 0.999978 142.542270 
0.999974 0.005402 0.004874 -0.679973 -0.005407 0.999985 0.001089 -2.424562 -0.004868 -0.001115 0.999988 143.912448 
0.999978 0.005237 0.004068 -0.687553 -0.005240 0.999986 0.000830 -2.447899 -0.004064 -0.000852 0.999991 145.266208 
0.999991 0.002818 0.003060 -0.685550 -0.002814 0.999995 -0.001433 -2.473741 -0.003064 0.001425 0.999994 146.626222 
0.999995 -0.002454 0.002006 -0.685426 0.002457 0.999995 -0.001799 -2.499315 -0.002002 0.001804 0.999996 147.981450 
0.999945 -0.010494 0.000871 -0.673040 0.010493 0.999945 0.000763 -2.527063 -0.000879 -0.000754 0.999999 149.342250 
0.999849 -0.017350 -0.000894 -0.667067 0.017352 0.999847 0.002368 -2.552211 0.000852 -0.002383 0.999997 150.697305 
0.999788 -0.020491 -0.001959 -0.664428 0.020489 0.999789 -0.001095 -2.571418 0.001981 0.001054 0.999997 152.056956 
0.999801 -0.019865 -0.002032 -0.656067 0.019857 0.999795 -0.003900 -2.606036 0.002109 0.003859 0.999990 153.423611 
0.999864 -0.016484 -0.000666 -0.678142 0.016480 0.999846 -0.006094 -2.633692 0.000767 0.006083 0.999981 154.784937 
0.999867 -0.016309 -0.000080 -0.677794 0.016309 0.999848 -0.006143 -2.663471 0.000180 0.006141 0.999981 156.153066 
0.999806 -0.019716 0.000379 -0.679724 0.019717 0.999802 -0.002585 -2.692465 -0.000328 0.002592 0.999997 157.525465 
0.999695 -0.024675 0.000596 -0.668429 0.024675 0.999696 0.000177 -2.719555 -0.000600 -0.000162 1.000000 158.887974 
0.999603 -0.028151 0.001051 -0.672981 0.028150 0.999603 0.001438 -2.745249 -0.001091 -0.001408 0.999998 160.244034 
0.999548 -0.030064 0.000892 -0.668758 0.030063 0.999547 0.001311 -2.767773 -0.000931 -0.001284 0.999999 161.612453 
0.999602 -0.028106 0.002252 -0.679608 0.028101 0.999603 0.002054 -2.789027 -0.002308 -0.001990 0.999995 162.967502 
0.999712 -0.023754 0.003429 -0.689476 0.023750 0.999717 0.001103 -2.809824 -0.003454 -0.001021 0.999994 164.328947 
0.999785 -0.020310 0.004281 -0.689373 0.020315 0.999793 -0.001079 -2.834122 -0.004258 0.001166 0.999990 165.704312 
0.999837 -0.017423 0.004691 -0.687714 0.017430 0.999847 -0.001596 -2.861002 -0.004662 0.001677 0.999988 167.097067 
0.999864 -0.015752 0.004828 -0.678006 0.015754 0.999876 -0.000407 -2.884118 -0.004821 0.000483 0.999988 168.479332 
0.999891 -0.013996 0.004797 -0.685249 0.013999 0.999902 -0.000653 -2.912922 -0.004787 0.000720 0.999988 169.849221 
0.999918 -0.011991 0.004554 -0.689699 0.012006 0.999923 -0.003151 -2.936970 -0.004516 0.003206 0.999985 171.215940 
0.999959 -0.008113 0.004113 -0.697731 0.008137 0.999949 -0.006020 -2.963013 -0.004064 0.006053 0.999973 172.582075 
0.999987 -0.003007 0.004071 -0.716506 0.003037 0.999967 -0.007503 -2.988548 -0.004049 0.007515 0.999964 173.973187 
0.999989 0.001751 0.004257 -0.721444 -0.001724 0.999978 -0.006423 -3.017831 -0.004268 0.006415 0.999970 175.356830 
0.999979 0.004645 0.004549 -0.719946 -0.004625 0.999979 -0.004474 -3.049036 -0.004570 0.004453 0.999980 176.758945 
0.999974 0.005618 0.004585 -0.718272 -0.005608 0.999982 -0.002354 -3.076476 -0.004598 0.002329 0.999987 178.159710 
0.999990 0.002459 0.003837 -0.716594 -0.002454 0.999996 -0.001309 -3.104294 -0.003840 0.001300 0.999992 179.575595 
0.999998 0.000699 0.001934 -0.717662 -0.000696 0.999999 -0.001508 -3.124354 -0.001936 0.001506 0.999997 180.972900 
1.000000 0.000534 -0.000051 -0.723039 -0.000534 0.999983 -0.005889 -3.149806 0.000048 0.005889 0.999983 182.368969 
0.999996 0.002304 -0.001649 -0.726771 -0.002321 0.999946 -0.010099 -3.183223 0.001626 0.010103 0.999948 183.774012 
0.999974 0.006853 -0.002211 -0.740976 -0.006876 0.999921 -0.010562 -3.220128 0.002139 0.010577 0.999942 185.187757 
0.999946 0.010127 -0.002518 -0.752709 -0.010151 0.999903 -0.009506 -3.259263 0.002422 0.009531 0.999952 186.586768 
0.999925 0.012094 -0.001984 -0.785212 -0.012106 0.999907 -0.006211 -3.282382 0.001909 0.006235 0.999979 188.023848 
0.999916 0.012836 -0.001894 -0.794625 -0.012844 0.999909 -0.004244 -3.316683 0.001839 0.004268 0.999989 189.453019 
0.999924 0.012201 -0.001598 -0.805718 -0.012206 0.999920 -0.003367 -3.341023 0.001556 0.003386 0.999993 190.876956 
0.999943 0.010480 -0.001907 -0.806955 -0.010485 0.999941 -0.002777 -3.370059 0.001878 0.002797 0.999994 192.310971 
0.999968 0.007807 -0.001593 -0.815003 -0.007811 0.999967 -0.002279 -3.394730 0.001575 0.002291 0.999996 193.743256 
0.999986 0.005105 -0.001354 -0.822662 -0.005108 0.999984 -0.002332 -3.420294 0.001343 0.002339 0.999996 195.176427 
0.999998 0.001957 -0.000931 -0.829580 -0.001958 0.999997 -0.001192 -3.449300 0.000928 0.001194 0.999999 196.621254 
0.999997 -0.002556 -0.000536 -0.834917 0.002556 0.999997 0.000444 -3.476142 0.000535 -0.000445 1.000000 198.062040 
0.999987 -0.005176 -0.000193 -0.838944 0.005176 0.999987 0.000375 -3.502774 0.000191 -0.000376 1.000000 199.512303 
0.999995 -0.003177 0.000156 -0.854086 0.003178 0.999987 -0.004075 -3.526430 -0.000143 0.004075 0.999992 200.951433 
0.999992 0.003995 0.000549 -0.866047 -0.003990 0.999953 -0.008892 -3.560919 -0.000584 0.008889 0.999960 202.375513 
0.999914 0.013049 0.001518 -0.880823 -0.013035 0.999875 -0.008934 -3.596615 -0.001635 0.008914 0.999959 203.820959 
0.999778 0.020879 0.002927 -0.902236 -0.020864 0.999769 -0.005177 -3.629501 -0.003034 0.005115 0.999982 205.245019 
0.999759 0.021672 0.003402 -0.905284 -0.021662 0.999761 -0.003042 -3.658924 -0.003467 0.002968 0.999990 206.708904 
0.999801 0.019691 0.003044 -0.908904 -0.019683 0.999803 -0.002634 -3.684266 -0.003095 0.002573 0.999992 208.166169 
0.999863 0.016472 0.001836 -0.909620 -0.016467 0.999861 -0.002709 -3.709996 -0.001880 0.002678 0.999995 209.618961 
0.999896 0.014359 0.000963 -0.911739 -0.014355 0.999891 -0.003313 -3.735102 -0.001011 0.003299 0.999994 211.092870 
0.999894 0.014586 0.000074 -0.914249 -0.014586 0.999887 -0.003770 -3.765979 -0.000129 0.003768 0.999993 212.555745 
0.999877 0.015673 -0.000045 -0.922599 -0.015673 0.999871 -0.003513 -3.799450 -0.000010 0.003513 0.999994 214.034552 
0.999858 0.016835 -0.000355 -0.929794 -0.016836 0.999855 -0.002681 -3.828382 0.000309 0.002687 0.999996 215.529635 
0.999869 0.016193 -0.000676 -0.938041 -0.016195 0.999864 -0.003205 -3.858184 0.000624 0.003216 0.999995 216.992354 
0.999876 0.015683 -0.001201 -0.943370 -0.015688 0.999868 -0.004118 -3.890422 0.001136 0.004136 0.999991 218.473418 
0.999884 0.015228 -0.001010 -0.957242 -0.015233 0.999874 -0.004526 -3.915805 0.000941 0.004541 0.999989 219.949131 
0.999876 0.015682 -0.001306 -0.975132 -0.015688 0.999866 -0.004699 -3.945254 0.001232 0.004719 0.999988 221.434888 
0.999869 0.016126 -0.001489 -0.983353 -0.016133 0.999858 -0.004867 -3.979422 0.001411 0.004890 0.999987 222.918521 
0.999865 0.016304 -0.001850 -0.995547 -0.016314 0.999854 -0.005067 -4.011200 0.001767 0.005097 0.999985 224.412620 
0.999849 0.017264 -0.002184 -1.000445 -0.017275 0.999837 -0.005266 -4.046597 0.002093 0.005303 0.999984 225.897506 
0.999856 0.016753 -0.002596 -1.013863 -0.016767 0.999844 -0.005477 -4.074634 0.002504 0.005520 0.999982 227.404893 
0.999850 0.017112 -0.002796 -1.028438 -0.017127 0.999839 -0.005326 -4.107310 0.002704 0.005373 0.999982 228.909050 
0.999860 0.016482 -0.002819 -1.045542 -0.016498 0.999849 -0.005419 -4.139719 0.002729 0.005465 0.999981 230.421723 
0.999883 0.015123 -0.002484 -1.058425 -0.015137 0.999869 -0.005694 -4.171553 0.002398 0.005731 0.999981 231.936014 
0.999897 0.014154 -0.002349 -1.071257 -0.014167 0.999884 -0.005578 -4.203128 0.002270 0.005610 0.999982 233.447732 
0.999917 0.012746 -0.001901 -1.086812 -0.012755 0.999908 -0.004647 -4.238805 0.001842 0.004671 0.999987 234.973766 
0.999918 0.012561 -0.002345 -1.091712 -0.012571 0.999911 -0.004453 -4.273566 0.002289 0.004482 0.999987 236.494336 
0.999914 0.012935 -0.001997 -1.108895 -0.012944 0.999905 -0.004831 -4.304325 0.001934 0.004856 0.999986 238.016519 
0.999908 0.013459 -0.001700 -1.120948 -0.013468 0.999894 -0.005449 -4.337740 0.001626 0.005471 0.999984 239.533302 
0.999895 0.014425 -0.001343 -1.138173 -0.014431 0.999886 -0.004504 -4.372472 0.001278 0.004523 0.999989 241.060482 
0.999888 0.014891 -0.001145 -1.133021 -0.014894 0.999885 -0.002711 -4.394684 0.001105 0.002727 0.999996 242.597000 
0.999893 0.014627 -0.000660 -1.151818 -0.014628 0.999891 -0.002097 -4.427824 0.000630 0.002106 0.999998 244.143588 
0.999889 0.014887 -0.000407 -1.154395 -0.014889 0.999882 -0.003733 -4.457984 0.000351 0.003738 0.999993 245.680867 
0.999883 0.015295 0.000058 -1.163691 -0.015294 0.999870 -0.005070 -4.491902 -0.000135 0.005069 0.999987 247.229026 
0.999866 0.016388 0.000639 -1.182204 -0.016384 0.999855 -0.004605 -4.528068 -0.000714 0.004594 0.999989 248.762904 
0.999872 0.015973 0.000652 -1.188220 -0.015970 0.999866 -0.003578 -4.560536 -0.000709 0.003567 0.999993 250.307449 
0.999870 0.016141 0.000480 -1.201121 -0.016139 0.999865 -0.003065 -4.593653 -0.000530 0.003057 0.999995 251.841835 
0.999866 0.016382 0.000148 -1.205297 -0.016382 0.999861 -0.003080 -4.623136 -0.000199 0.003077 0.999995 253.398142 
0.999838 0.017990 0.000272 -1.216204 -0.017989 0.999834 -0.002872 -4.653991 -0.000324 0.002866 0.999996 254.951044 
0.999811 0.019439 0.000105 -1.215465 -0.019439 0.999807 -0.002901 -4.686810 -0.000162 0.002899 0.999996 256.519866 
0.999804 0.019796 0.000237 -1.225921 -0.019795 0.999801 -0.002657 -4.718802 -0.000290 0.002652 0.999996 258.068330 
0.999832 0.018341 0.000448 -1.240978 -0.018340 0.999828 -0.002635 -4.744188 -0.000496 0.002626 0.999996 259.620564 
0.999863 0.016576 0.000277 -1.239147 -0.016575 0.999861 -0.001807 -4.777749 -0.000307 0.001802 0.999998 261.181511 
0.999898 0.014268 0.000207 -1.238650 -0.014268 0.999898 -0.001128 -4.806999 -0.000223 0.001124 0.999999 262.744879 
0.999912 0.013245 -0.000211 -1.236450 -0.013245 0.999910 -0.002033 -4.835993 0.000184 0.002035 0.999998 264.301895 
0.999924 0.012292 -0.000488 -1.237388 -0.012294 0.999920 -0.002962 -4.866781 0.000451 0.002968 0.999995 265.868705 
0.999945 0.010505 -0.000163 -1.237499 -0.010505 0.999944 -0.001312 -4.890464 0.000150 0.001314 0.999999 267.424639 
0.999966 0.008187 0.000138 -1.240190 -0.008187 0.999966 0.000659 -4.922685 -0.000133 -0.000660 1.000000 268.988433 
0.999974 0.007161 0.000576 -1.250075 -0.007161 0.999974 -0.000160 -4.947808 -0.000577 0.000156 1.000000 270.536949 
0.999977 0.006660 0.000999 -1.256441 -0.006659 0.999977 -0.001094 -4.975428 -0.001006 0.001088 0.999999 272.101929 
0.999972 0.007386 0.001555 -1.261289 -0.007384 0.999972 -0.001387 -5.002314 -0.001565 0.001375 0.999998 273.663638 
0.999951 0.009464 0.002799 -1.274258 -0.009461 0.999954 -0.001377 -5.032844 -0.002812 0.001351 0.999995 275.208671 
0.999933 0.010966 0.003783 -1.281557 -0.010961 0.999939 -0.001560 -5.065021 -0.003800 0.001519 0.999992 276.766366 
0.999920 0.011760 0.004737 -1.282881 -0.011753 0.999930 -0.001515 -5.097334 -0.004754 0.001459 0.999988 278.323582 
0.999913 0.012127 0.005256 -1.271847 -0.012118 0.999925 -0.001688 -5.124003 -0.005276 0.001624 0.999985 279.891936 
0.999908 0.012165 0.005941 -1.273870 -0.012151 0.999924 -0.002285 -5.156822 -0.005968 0.002213 0.999980 281.463390 
0.999902 0.012104 0.006976 -1.274005 -0.012083 0.999923 -0.002979 -5.190776 -0.007012 0.002895 0.999971 283.012670 
0.999906 0.011234 0.007917 -1.275516 -0.011212 0.999933 -0.002722 -5.217946 -0.007947 0.002633 0.999965 284.602671 
0.999911 0.010292 0.008478 -1.269465 -0.010279 0.999946 -0.001637 -5.254025 -0.008494 0.001550 0.999963 286.198126 
0.999920 0.009181 0.008644 -1.262838 -0.009169 0.999957 -0.001420 -5.282547 -0.008656 0.001341 0.999962 287.780072 
0.999925 0.008715 0.008619 -1.257564 -0.008681 0.999954 -0.003990 -5.311992 -0.008654 0.003915 0.999955 289.356724 
0.999939 0.007457 0.008123 -1.249276 -0.007406 0.999953 -0.006253 -5.343155 -0.008169 0.006192 0.999947 290.939802 
0.999942 0.007694 0.007485 -1.241721 -0.007648 0.999952 -0.006145 -5.383148 -0.007532 0.006087 0.999953 292.506957 
0.999958 0.006158 0.006718 -1.236093 -0.006119 0.999964 -0.005926 -5.421045 -0.006754 0.005884 0.999960 294.045591 
0.999961 0.006643 0.005843 -1.232911 -0.006603 0.999955 -0.006754 -5.448868 -0.005888 0.006715 0.999960 295.625015 
0.999964 0.006813 0.005077 -1.231326 -0.006778 0.999953 -0.006966 -5.485861 -0.005124 0.006931 0.999963 297.215531 
0.999970 0.006425 0.004432 -1.234578 -0.006395 0.999957 -0.006692 -5.514610 -0.004474 0.006664 0.999968 298.834954 
0.999976 0.005824 0.003651 -1.238363 -0.005800 0.999962 -0.006556 -5.547141 -0.003689 0.006534 0.999972 300.419840 
0.999982 0.005459 0.002464 -1.242497 -0.005446 0.999971 -0.005262 -5.579361 -0.002493 0.005248 0.999983 302.019266 
0.999971 0.007390 0.001795 -1.232849 -0.007383 0.999966 -0.003723 -5.616062 -0.001822 0.003710 0.999991 303.620077 
0.999966 0.007843 0.002491 -1.244418 -0.007834 0.999962 -0.003744 -5.647197 -0.002521 0.003725 0.999990 305.237058 
0.999959 0.008314 0.003490 -1.244215 -0.008300 0.999957 -0.004171 -5.674427 -0.003525 0.004142 0.999985 306.853639 
0.999970 0.006931 0.003573 -1.236252 -0.006915 0.999966 -0.004416 -5.705179 -0.003603 0.004391 0.999984 308.475234 
0.999978 0.005289 0.003986 -1.234886 -0.005268 0.999972 -0.005335 -5.740452 -0.004014 0.005313 0.999978 310.076766 
0.999984 0.003963 0.004131 -1.225252 -0.003933 0.999966 -0.007250 -5.778174 -0.004159 0.007234 0.999965 311.719747 
0.999987 0.003517 0.003753 -1.212486 -0.003486 0.999961 -0.008156 -5.817467 -0.003781 0.008143 0.999960 313.331375 
0.999990 0.004229 0.001529 -1.214067 -0.004215 0.999949 -0.009124 -5.856959 -0.001568 0.009117 0.999957 314.967746 
0.999986 0.005262 -0.000682 -1.213199 -0.005268 0.999950 -0.008476 -5.895705 0.000637 0.008479 0.999964 316.607834 
0.999977 0.006711 -0.001079 -1.221955 -0.006716 0.999964 -0.005274 -5.929683 0.001044 0.005281 0.999986 318.254685 
0.999985 0.005399 -0.000338 -1.235711 -0.005400 0.999983 -0.002162 -5.962058 0.000326 0.002164 0.999998 319.898075 
0.999989 0.004654 -0.000249 -1.243393 -0.004654 0.999988 -0.001429 -5.993999 0.000243 0.001430 0.999999 321.551311 
0.999994 0.003578 0.000085 -1.250686 -0.003578 0.999990 -0.002563 -6.025633 -0.000095 0.002562 0.999997 323.198765 
0.999996 0.002805 0.000377 -1.252014 -0.002804 0.999992 -0.002766 -6.056044 -0.000384 0.002765 0.999996 324.859086 
0.999996 0.002836 0.000821 -1.258473 -0.002834 0.999993 -0.002406 -6.088433 -0.000828 0.002403 0.999997 326.510608 
0.999996 0.002715 0.001130 -1.261090 -0.002712 0.999993 -0.002466 -6.121585 -0.001137 0.002463 0.999996 328.179957 
0.999990 0.004098 0.001503 -1.269237 -0.004093 0.999986 -0.003324 -6.155616 -0.001517 0.003318 0.999993 329.804660 
0.999985 0.004916 0.002330 -1.279872 -0.004907 0.999980 -0.004038 -6.189389 -0.002350 0.004027 0.999989 331.457156 
0.999989 0.003513 0.003114 -1.280845 -0.003507 0.999992 -0.001961 -6.226021 -0.003121 0.001950 0.999993 333.094620 
0.999992 0.002395 0.003145 -1.277900 -0.002391 0.999996 -0.001175 -6.255159 -0.003148 0.001168 0.999994 334.741886 
0.999995 0.000978 0.003078 -1.283064 -0.000971 0.999997 -0.002102 -6.295201 -0.003080 0.002099 0.999993 336.377583 
0.999991 0.002635 0.003256 -1.297072 -0.002628 0.999994 -0.002302 -6.321503 -0.003262 0.002294 0.999992 338.003788 
0.999988 0.004159 0.002719 -1.289898 -0.004148 0.999983 -0.004198 -6.360079 -0.002737 0.004186 0.999987 339.632884 
0.999979 0.006150 0.002095 -1.295747 -0.006134 0.999955 -0.007219 -6.398635 -0.002139 0.007206 0.999972 341.252966 
0.999972 0.007366 0.001463 -1.307825 -0.007356 0.999950 -0.006726 -6.439962 -0.001513 0.006715 0.999976 342.884707 
0.999967 0.008059 0.000464 -1.314641 -0.008058 0.999963 -0.003120 -6.477563 -0.000489 0.003116 0.999995 344.500934 
0.999960 0.008904 -0.000668 -1.325804 -0.008904 0.999960 -0.000182 -6.513224 0.000666 0.000188 1.000000 346.133293 
0.999954 0.009437 -0.001845 -1.341133 -0.009440 0.999954 -0.001393 -6.546602 0.001831 0.001410 0.999997 347.741697 
0.999953 0.008902 -0.003828 -1.358024 -0.008914 0.999956 -0.003018 -6.578802 0.003801 0.003052 0.999988 349.341777 
0.999953 0.007747 -0.005767 -1.364232 -0.007756 0.999969 -0.001607 -6.614875 0.005754 0.001652 0.999982 350.943943 
0.999957 0.006478 -0.006676 -1.385453 -0.006486 0.999978 -0.001109 -6.650585 0.006669 0.001152 0.999977 352.557093 
0.999952 0.006366 -0.007396 -1.397006 -0.006380 0.999978 -0.001972 -6.682130 0.007383 0.002019 0.999971 354.173473 
0.999956 0.005687 -0.007512 -1.414954 -0.005708 0.999980 -0.002748 -6.718236 0.007496 0.002791 0.999968 355.775683 
0.999956 0.005497 -0.007635 -1.437889 -0.005520 0.999980 -0.002960 -6.751251 0.007619 0.003002 0.999966 357.379427 
0.999961 0.004645 -0.007479 -1.464988 -0.004667 0.999985 -0.002958 -6.785874 0.007466 0.002993 0.999968 358.996710 
0.999963 0.003901 -0.007723 -1.479046 -0.003929 0.999986 -0.003549 -6.820822 0.007709 0.003579 0.999964 360.596480 
0.999966 0.003691 -0.007408 -1.508899 -0.003723 0.999984 -0.004276 -6.855351 0.007393 0.004303 0.999963 362.204125 
0.999967 0.003026 -0.007602 -1.523319 -0.003056 0.999988 -0.003921 -6.894013 0.007590 0.003944 0.999963 363.814592 
0.999966 0.003426 -0.007447 -1.543139 -0.003461 0.999983 -0.004758 -6.931506 0.007431 0.004784 0.999961 365.422895 
0.999969 0.001845 -0.007663 -1.558889 -0.001891 0.999980 -0.006008 -6.967623 0.007651 0.006022 0.999953 367.019378 
0.999971 0.000710 -0.007583 -1.574289 -0.000742 0.999991 -0.004215 -7.002511 0.007580 0.004220 0.999962 368.631721 
0.999968 -0.001114 -0.007950 -1.587105 0.001087 0.999994 -0.003384 -7.039007 0.007954 0.003375 0.999963 370.247197 
0.999971 -0.001454 -0.007525 -1.608823 0.001421 0.999989 -0.004494 -7.071238 0.007531 0.004484 0.999962 371.855673 
0.999970 -0.000041 -0.007740 -1.620049 -0.000001 0.999985 -0.005423 -7.101322 0.007740 0.005423 0.999955 373.489325 
0.999970 0.001766 -0.007509 -1.635787 -0.001801 0.999988 -0.004650 -7.135312 0.007501 0.004663 0.999961 375.103604 
0.999969 0.003087 -0.007274 -1.649936 -0.003114 0.999988 -0.003681 -7.170183 0.007262 0.003703 0.999967 376.716530 
0.999971 0.003721 -0.006671 -1.673165 -0.003749 0.999985 -0.004096 -7.200867 0.006656 0.004121 0.999969 378.331876 
0.999972 0.003452 -0.006627 -1.686527 -0.003485 0.999981 -0.005032 -7.234552 0.006609 0.005055 0.999965 379.944877 
0.999976 0.003386 -0.006105 -1.709153 -0.003416 0.999982 -0.004872 -7.278073 0.006088 0.004892 0.999969 381.548419 
0.999975 0.004089 -0.005769 -1.719228 -0.004120 0.999977 -0.005340 -7.308338 0.005747 0.005364 0.999969 383.171092 
0.999970 0.005302 -0.005718 -1.736217 -0.005331 0.999973 -0.005002 -7.345555 0.005692 0.005032 0.999971 384.789471 
0.999962 0.007115 -0.005070 -1.764536 -0.007137 0.999965 -0.004400 -7.380723 0.005038 0.004436 0.999977 386.419348 
0.999944 0.009463 -0.004815 -1.785695 -0.009489 0.999940 -0.005509 -7.408934 0.004763 0.005554 0.999973 388.056272 
0.999933 0.010658 -0.004500 -1.799619 -0.010686 0.999923 -0.006266 -7.439799 0.004433 0.006313 0.999970 389.683516 
0.999922 0.011847 -0.004017 -1.819044 -0.011873 0.999908 -0.006569 -7.473090 0.003939 0.006616 0.999970 391.312500 
0.999922 0.011827 -0.003989 -1.838380 -0.011849 0.999916 -0.005313 -7.517755 0.003926 0.005360 0.999978 392.957073 
0.999914 0.012601 -0.003634 -1.849812 -0.012618 0.999909 -0.004853 -7.558049 0.003572 0.004898 0.999982 394.581017 
0.999903 0.013510 -0.003326 -1.867605 -0.013528 0.999893 -0.005586 -7.588655 0.003251 0.005630 0.999979 396.228677 
0.999905 0.013411 -0.003067 -1.876663 -0.013427 0.999895 -0.005414 -7.621340 0.002994 0.005454 0.999981 397.873992 
